[gd_scene load_steps=7 format=3 uid="uid://c5nofmm67fcjk"]

[ext_resource type="Script" path="res://Player.gd" id="1_bw535"]
[ext_resource type="Texture2D" uid="uid://d2vj4n27v1ybj" path="res://addons/kenney_prototype_textures/orange/texture_02.png" id="2_eose8"]
[ext_resource type="Script" path="res://Camera.gd" id="3_87ghx"]

[sub_resource type="StandardMaterial3D" id="StandardMaterial3D_mwhyv"]
albedo_texture = ExtResource("2_eose8")

[sub_resource type="BoxMesh" id="BoxMesh_ase7m"]
size = Vector3(1, 0.2, 3)

[sub_resource type="BoxShape3D" id="BoxShape3D_5gvbu"]
size = Vector3(1, 0.2, 3)

[node name="Player" type="CharacterBody3D"]
script = ExtResource("1_bw535")

[node name="Mesh" type="MeshInstance3D" parent="."]
material_override = SubResource("StandardMaterial3D_mwhyv")
mesh = SubResource("BoxMesh_ase7m")

[node name="Collision" type="CollisionShape3D" parent="."]
shape = SubResource("BoxShape3D_5gvbu")

[node name="Camera Controller" type="Node3D" parent="."]
top_level = true
script = ExtResource("3_87ghx")

[node name="Camera Target" type="Node3D" parent="Camera Controller"]
transform = Transform3D(1, 0, 0, 0, 0.963649, 0.267171, 0, -0.267171, 0.963649, 0, 2.16629, 2.76732)

[node name="SpringArm3D" type="SpringArm3D" parent="Camera Controller/Camera Target"]
transform = Transform3D(1, 0, 0, 0, 0.984276, 0.176638, 0, -0.176638, 0.984276, 2.08165e-12, 0, 0)
margin = 2.0

[node name="Camera3D" type="Camera3D" parent="Camera Controller/Camera Target/SpringArm3D"]
transform = Transform3D(1, 0, 0, 0, 0.960779, -0.277315, 0, 0.277315, 0.960779, 2.08165e-12, -1.30982, 0.516878)
