[gd_scene load_steps=9 format=3 uid="uid://c5nofmm67fcjk"]

[ext_resource type="Script" path="res://Player.gd" id="1_bw535"]
[ext_resource type="Texture2D" uid="uid://d2vj4n27v1ybj" path="res://addons/kenney_prototype_textures/orange/texture_02.png" id="2_eose8"]
[ext_resource type="Script" path="res://Camera.gd" id="3_87ghx"]
[ext_resource type="Script" path="res://SpringArm3D.gd" id="4_evmuk"]
[ext_resource type="Script" path="res://RayCast3D.gd" id="5_6kr8o"]

[sub_resource type="StandardMaterial3D" id="StandardMaterial3D_mwhyv"]
albedo_texture = ExtResource("2_eose8")

[sub_resource type="BoxMesh" id="BoxMesh_ase7m"]
size = Vector3(1, 0.2, 3)

[sub_resource type="BoxShape3D" id="BoxShape3D_5gvbu"]
size = Vector3(1, 0.2, 3)

[node name="Player" type="CharacterBody3D"]
script = ExtResource("1_bw535")

[node name="Mesh" type="MeshInstance3D" parent="."]
material_override = SubResource("StandardMaterial3D_mwhyv")
mesh = SubResource("BoxMesh_ase7m")

[node name="Collision" type="CollisionShape3D" parent="."]
shape = SubResource("BoxShape3D_5gvbu")

[node name="Camera Controller" type="Node3D" parent="."]
transform = Transform3D(1, 0, 0, 0, 0.867479, 0.497474, 0, -0.497474, 0.867479, 0, 6.87631, 5.1024)
top_level = true
script = ExtResource("3_87ghx")

[node name="Camera Target" type="Node3D" parent="Camera Controller"]
transform = Transform3D(1, -3.48787e-16, 3.48787e-16, 3.48787e-16, 1, -3.48787e-16, -3.48787e-16, 3.48787e-16, 1, 2.08165e-12, 2.08165e-12, 2.08165e-12)

[node name="SpringArm3D" type="SpringArm3D" parent="Camera Controller/Camera Target"]
transform = Transform3D(1, -1.66283e-16, 4.64386e-16, 3.48787e-16, 0.90409, -0.427342, -3.48787e-16, 0.427342, 0.90409, 2.08165e-12, 2.08165e-12, 2.08165e-12)
spring_length = 4.0
margin = 2.0
script = ExtResource("4_evmuk")

[node name="Camera3D" type="Camera3D" parent="Camera Controller/Camera Target/SpringArm3D"]
transform = Transform3D(1, -4.69301e-16, 1.51861e-16, 3.48787e-16, 0.890459, 0.455063, -3.48787e-16, -0.455063, 0.890459, 2.08165e-12, 2.08165e-12, 2.08165e-12)

[node name="RayCast3D" type="RayCast3D" parent="Camera Controller/Camera Target/SpringArm3D/Camera3D"]
transform = Transform3D(1, 2.33058e-11, -1.32711e-09, 1.32711e-09, -0.0351561, 0.999961, -5.82645e-12, -3.99985, -0.00878903, 8.32659e-12, 6.87631, 5.1024)
top_level = true
script = ExtResource("5_6kr8o")

[node name="FrontLeft" type="RayCast3D" parent="."]
transform = Transform3D(1, 0, 0, 0, 4, 0, 0, 0, 1, -0.473662, 0, -1.46777)

[node name="FrontRight" type="RayCast3D" parent="."]
transform = Transform3D(1, 0, 0, 0, 4, 0, 0, 0, 1, 0.456119, 0, -1.45607)

[node name="RearLeft" type="RayCast3D" parent="."]
transform = Transform3D(1, 0, 0, 0, 4, 0, 0, 0, 1, -0.450271, 0, 1.45022)

[node name="RearRight" type="RayCast3D" parent="."]
transform = Transform3D(1, 0, 0, 0, 4, 0, 0, 0, 1, 0.450271, 0, 1.44438)

[node name="FrontCentre" type="RayCast3D" parent="."]
transform = Transform3D(1, 0, 0, 0, 4, 0, 0, 0, 1, -0.00584781, 0, -1.43268)

[node name="RearCentre" type="RayCast3D" parent="."]
transform = Transform3D(1, 0, 0, 0, 4, 0, 0, 0, 1, -0.00584757, 0, 1.44438)

[node name="Centre" type="RayCast3D" parent="."]
transform = Transform3D(1, 0, 0, 0, 4, 0, 0, 0, 1, -0.0116957, 0, -0.00584793)
