[gd_scene load_steps=8 format=3 uid="uid://c5nofmm67fcjk"]

[ext_resource type="Script" path="res://Player.gd" id="1_bw535"]
[ext_resource type="Texture2D" uid="uid://d2vj4n27v1ybj" path="res://addons/kenney_prototype_textures/orange/texture_02.png" id="2_eose8"]
[ext_resource type="Script" path="res://Camera.gd" id="3_87ghx"]
[ext_resource type="Script" path="res://RayCast3D.gd" id="5_6kr8o"]

[sub_resource type="StandardMaterial3D" id="StandardMaterial3D_mwhyv"]
albedo_texture = ExtResource("2_eose8")

[sub_resource type="BoxMesh" id="BoxMesh_ase7m"]
size = Vector3(1, 0.2, 3)

[sub_resource type="BoxShape3D" id="BoxShape3D_5gvbu"]
size = Vector3(1, 0.2, 3)

[node name="Player" type="CharacterBody3D"]
transform = Transform3D(1, 0, 0, 0, 1, 0, 0, 0, 1, 0, 0.668464, 0)
script = ExtResource("1_bw535")

[node name="Mesh" type="MeshInstance3D" parent="."]
material_override = SubResource("StandardMaterial3D_mwhyv")
mesh = SubResource("BoxMesh_ase7m")

[node name="Collision" type="CollisionShape3D" parent="."]
shape = SubResource("BoxShape3D_5gvbu")

[node name="Camera Controller" type="Node3D" parent="."]
top_level = true
script = ExtResource("3_87ghx")

[node name="Camera Target" type="Node3D" parent="Camera Controller"]
transform = Transform3D(1, -2.80512e-16, 4.05731e-16, 9.34252e-17, 0.915375, 0.402603, -4.84331e-16, -0.402603, 0.915375, 2.08298e-12, 5.81404, 10.6448)

[node name="SpringArm3D" type="SpringArm3D" parent="Camera Controller/Camera Target"]
transform = Transform3D(1, -2.70327e-16, 3.39848e-16, 3.39847e-16, 0.974371, -0.224951, -2.70327e-16, 0.224951, 0.974371, 0, 0, 0)
spring_length = 2.0
margin = 0.5

[node name="Camera3D" type="Camera3D" parent="Camera Controller/Camera Target/SpringArm3D"]
transform = Transform3D(1, -4.21291e-16, 2.56552e-16, 3.48787e-16, 0.971713, 0.23616, -3.48787e-16, -0.23616, 0.971713, 0, 0, 0)

[node name="RayCast3D" type="RayCast3D" parent="Camera Controller/Camera Target/SpringArm3D/Camera3D"]
transform = Transform3D(1, -3.56672e-16, -2.55937e-16, 3.41165e-16, 0.264513, 0.964382, -2.7627e-16, -0.964382, 0.264513, 2.08165e-12, 0, 0)
script = ExtResource("5_6kr8o")

[node name="FrontLeft" type="RayCast3D" parent="."]
transform = Transform3D(1, 0, 0, 0, 2, 0, 0, 0, 1, -0.473662, 0, -1.46777)

[node name="FrontRight" type="RayCast3D" parent="."]
transform = Transform3D(1, 0, 0, 0, 2, 0, 0, 0, 1, 0.456119, 0, -1.45607)

[node name="RearLeft" type="RayCast3D" parent="."]
transform = Transform3D(1, 0, 0, 0, 2, 0, 0, 0, 1, -0.450271, 0, 1.45022)

[node name="RearRight" type="RayCast3D" parent="."]
transform = Transform3D(1, -6.97574e-16, 3.48787e-16, 3.48787e-16, 2, -3.48787e-16, -3.48787e-16, 6.97574e-16, 1, 0.450271, 0, 1.44438)

[node name="FrontCentre" type="RayCast3D" parent="."]
transform = Transform3D(1, 0, 0, 0, 2, 0, 0, 0, 1, -0.00584781, 0, -1.43268)

[node name="RearCentre" type="RayCast3D" parent="."]
transform = Transform3D(1, 0, 0, 0, 2, 0, 0, 0, 1, -0.00584757, 0, 1.44438)

[node name="Centre" type="RayCast3D" parent="."]
transform = Transform3D(1, 0, 0, 0, 2, 0, 0, 0, 1, -0.0116957, 0, -0.00584793)

[node name="CameraPivot" type="Node3D" parent="."]
